8
201
8
99
7
120
9
7
168
9
9
0
2
1
10
7
12
10
7
210
10
2
0
10
7
21
10
2
1
10
7
27
10
2
0
10
7
33
10
2
0
10
7
39
10
2
0
2
3
7
24
9
7
30
9
9
2
4
2
3
7
36
9
7
42
9
9
2
2
9
9
10
2
0
10
2
0
1
1
9
7
45
9
10
2
0
11
7
75
11
2
1
7
18
9
6
84
87
10
7
90
10
2
0
1
0
9
1
0
9
10
2
0
1
1
9
7
102
9
10
2
0
1
1
9
7
111
9
10
2
0
1
0
9
1
0
9
10
2
0
1
34
9
7
129
9
10
7
72
10
2
0
1
1
9
7
138
9
10
2
0
1
76
9
7
150
9
10
2
0
1
1
9
7
159
9
10
2
0
10
7
177
10
1
0
11
1
1
2
1
2
0
7
147
9
7
180
9
9
3
11
2
0
7
15
9
6
183
186
10
2
1
10
